count
3       1555
4        764
5        466
6        325
7        217
8        172
9        133
10       102
11        67
12        58
13        63
14        42
15        33
16        20
17        18
18        28
19        13
20         8
21         8
22         9
23         6
24        14
25         7
26        10
27         8
28         5
29         3
30         9
31         6
32         5
33         6
34         5
35         4
37         4
38         1
40         1
41         4
42         3
43         2
46         1
47         1
50         2
51         2
54         1
55         1
57         1
58         1
59         1
62         1
63         2
64         1
67         1
68         1
72         1
73         1
80         1
82         1
84         1
86         1
90         1
105        1
111        1
112        1
113        1
135        1
136        1
158        1
159        1
164        1
200        1
209        1
237        1
501        1
2216       1